인천 1월 14 11 4 2 2 20 2 3 0 0 0
인천 2월 4 11 5 8 3 10 5 5 0 0 0
인천 3월 7 10 10 4 6 11 11 2 2 0 0
인천 4월 5 11 5 9 8 0 8 0 1 0 1
인천 5월 12 9 4 6 3 0 2 0 0 0 1
인천 6월 8 4 7 11 10 0 1 0 3 0 0
인천 7월 0 8 7 16 14 0 15 0 4 0 0
인천 8월 2 12 10 7 9 0 1 0 3 0 0
인천 9월 5 5 3 17 9 0 3 0 4 1 0
인천 10월 12 7 8 4 5 0 1 0 1 0 2
인천 11월 11 9 4 6 7 4 2 2 2 0 2
인천 12월 9 8 9 5 13 12 5 8 0 0 0
강화 1월 12 12 2 5 0 0 0 0 0 0 0
강화 2월 7 8 6 7 3 0 0 0 0 0 0
강화 3월 7 8 10 6 6 0 0 0 0 0 0
강화 4월 6 11 5 8 10 0 0 0 0 0 0
강화 5월 13 5 7 6 4 0 0 0 0 0 0
강화 6월 7 7 5 11 8 0 0 0 0 0 0
강화 7월 2 7 12 10 15 0 0 0 0 0 0
강화 8월 3 15 8 5 10 0 0 0 0 0 0
강화 9월 4 4 7 15 10 0 0 0 0 0 0
강화 10월 12 6 10 3 5 0 0 0 0 0 0
강화 11월 9 10 5 6 7 0 0 0 0 0 0
강화 12월 10 7 7 7 10 0 0 0 0 0 0
백령도 1월 10 7 9 5 1 8 0 3 0 2 0
백령도 2월 2 11 8 7 4 2 0 4 0 2 0
백령도 3월 9 7 10 5 3 4 12 0 0 5 0
백령도 4월 7 10 6 7 4 1 3 0 0 0 1
백령도 5월 11 8 6 6 5 0 9 0 1 0 1
백령도 6월 5 4 6 15 11 0 17 0 7 0 0
백령도 7월 5 2 9 15 9 0 21 0 2 0 0
백령도 8월 6 11 7 7 9 0 9 0 1 0 0
백령도 9월 4 7 7 12 7 0 3 0 0 1 0
백령도 10월 11 7 7 6 4 0 4 0 1 1 3
백령도 11월 10 8 5 7 7 2 0 2 1 5 2
백령도 12월 2 5 8 16 10 6 0 9 0 5 0